[16009, 16089, 16079, 16069, 16059, 16049, 16039, 16029, 16019, 16209, 15229, 15219, 15209, 15199, 15169, 15159, 15149, 14189, 14179, 14169, 14159, 14139, 14129, 14119, 14109, 14089, 14069, 05641, 03222, 03111, 03071, 03031, 03011, 02111, 80151, 80161, 80211, 80149, 81171, 81181, 81191, 82079, 92169, 92091, 92101, 92111, 92121, 92131, 92141, 92151, 93051, 93061, 93071, 93081, 93091, 94011, 94021, 94031, 94041, 94051, 94061, 94071, 85021, 85031, 85041, 85051, 85061, 85081, 85071, 96101, 96281, 76061, 76051, 75009]
[11009, 11359, 11189, 11179, 11169, 11059, 11049, 11039, 11029, 11519, 18019, 15059, 15049, 14189, 14179, 14169, 14159, 14139, 14129, 14119, 14109, 14089, 14069, 05641, 03222, 03111, 03031, 03011, 02111, 01611, 01621, 01511, 01521, 01411, 01421, 01341, 80011, 80031, 80051, 80071, 80091, 81081, 81091, 70011, 70021, 70031, 70041, 70051, 70061, 61059, 61041, 62111, 62121, 66009]
LOOP
LOOP
[59009, 59073, 59069, 59341, 59701, 59651, 59451, 59469, 68179, 68159, 68149, 68139, 68169, 68129, 68109, 68089, 68099, 68069, 68119, 68059, 68049, 68039, 68029, 68019, 67089, 67041, 67051, 67061, 67071, 64129, 64119, 64109, 63219, 63209, 63199, 63189, 63179, 63369, 63149, 62149, 62189, 62139, 66009]
[28009, 28301, 28441, 28311, 28631, 28641, 28651, 28049, 28039, 28029, 28019, 20109, 17189, 17179, 17169, 17159, 19049, 19039, 19029, 19019, 11199, 11189, 11179, 11169, 11061, 11071, 11081, 11229, 11219, 11209, 13029, 13019, 09149, 09159, 09169, 09179, 09213, 40191, 40201, 40211, 40221, 40231, 51091, 51101, 52071, 52181, 52231, 52271, 52369, 52051, 52061, 66011, 66021, 66391, 66401, 66411, 66389, 66009]
[03239, 03211, 03222, 03111, 03071, 03381, 03391, 03511, 03501, 02051, 02061, 04111, 04121, 08041, 08031, 08111, 08121, 09059, 09022, 09111, 09121, 09131, 09141, 13011, 13021, 11201, 11211, 11221, 11231, 11419, 11409, 11181, 11191, 19011, 19021, 19031, 19041, 17151, 17161, 17171, 17181, 20101, 28011, 28181, 28101, 42311, 43621, 43611, 43181, 43171, 43009]
LOOP
[03239, 03211, 03222, 03111, 03031, 03011, 02111, 01611, 01621, 01511, 01521, 01231, 01211, 01311, 07371, 60011, 60021, 60031, 60229, 60159, 60161, 60201, 60261, 61011, 61021, 61031, 61041, 62111, 62121, 62131, 62141, 63011, 63021, 63031, 63041, 63051, 63349, 63359, 64399, 64009]
LOOP
[99009, 99131, 99049, 99039, 99029, 99019, 98079, 98069, 98059, 98239, 98049, 98039, 98101, 98119, 78051, 78061, 77051, 77041, 77031, 77021, 77011, 77241, 77231, 77281, 77331, 65191, 67411, 67441, 67271, 67461, 67451, 64621, 64461, 64619, 64609, 64479, 64489, 64499, 64109, 63219, 63209, 63199, 63189, 63179, 63369, 66059, 66049, 66369, 66389, 66009]
[03222, 03111, 03071, 03031, 03011, 02111, 80151, 80161, 80211, 80149, 81171, 81181, 81191, 82079, 92169, 92091, 92101, 92111, 92121, 92131, 92141, 92151, 93051, 93061, 93071, 93081, 93091, 94011, 94021, 94031, 94041, 94051, 94061, 94071, 85021, 85031, 85041]
LOOP
LOOP
LOOP
LOOP
LOOP
LOOP
[58009, 58259, 58219, 58331, 59529, 59259, 59099, 59073, 59069, 59059, 59049, 59039, 59721, 59501, 59731, 59741, 59751, 59471, 68179, 68159, 68149, 68139, 68169, 68129, 68109, 68089, 68099, 68069, 68119, 65439, 65149, 65401, 65009]
[97009, 96361, 96389, 96319, 96221, 96111, 96101, 96281, 75059, 75229, 75239, 75249, 75031, 75151, 75179, 75371, 75291, 75311, 75361, 75351, 65191, 65439, 65149, 65401, 65009]
LOOP
[10589, 10017, 05013, 05023, 04222, 04142, 01012, 01112, 01121, 01211, 01311, 80011, 80031, 80051, 80119, 80149, 80279, 91099, 91041, 91051, 91061, 91071, 92091, 92101, 92111, 92121, 92131, 92141, 92151, 93051, 93061, 93071, 93081, 93091, 84159, 84119, 84149, 84089, 84079, 84109, 85091, 85101, 96011, 96021, 96031, 96201, 96191, 96181, 96121, 76101, 76231, 76241, 98011, 98091, 78051, 78061, 78079, 78089, 78101, 77009]
LOOP
LOOP
LOOP
[14009, 14129, 14119, 14011, 14021, 14379, 14389, 14381, 14031, 10361, 10371, 10169, 10149, 06071, 06081, 06149, 06159, 06169, 04321, 04311, 08011, 08111, 08121, 09059, 09022, 09111, 09121, 09131, 09141, 13011, 13021, 11201, 11211, 11221, 11089, 11079, 11069, 11059, 11049, 11039, 11029, 11019, 10139, 10119, 10651, 10009]
LOOP
[14009, 14131, 14151, 14351, 14491, 14391, 14331, 14341, 14051, 14279, 14299, 14029, 14239, 14229, 10391, 10049, 10039, 10018, 05012, 05022, 05023, 04222, 04223, 04143, 04121, 08041, 08031, 08111, 08121, 09011, 09023, 09212, 40171, 40181, 40121, 50061, 50111, 50121, 50229, 50991, 52129, 52109, 52499]
LOOP
[03239, 03211, 03222, 03111, 03031, 03011, 02111, 04111, 04121, 08041, 08031, 08111, 08121, 09011, 09023, 09212, 40171, 40181, 40121, 50061, 50031, 50041, 50051, 51011, 51021, 51031, 51041, 51051, 51071, 51131, 52011, 53219, 53239, 53249, 54539, 54311, 54321, 54331, 54391, 54341, 55321, 55181, 55301, 55311, 55009]
[94009, 94069, 94059, 94049, 94089, 94039, 94029, 94019, 93099, 93089, 93079, 93129, 93029, 93019, 92089, 92211, 92221, 92231, 92271, 83301, 83311, 83291, 82069, 82049, 82029, 82109, 81069, 81049, 81029, 80089, 80069, 80049, 80039, 80029, 07371, 07361, 07351, 60101, 60121, 60141, 60161, 60201, 60261, 61011, 61021, 61031, 61041, 66089, 66079, 66069, 52069, 52059, 52039, 53219, 53239, 53391, 53381, 53371, 53161, 54011, 54031, 54041, 54051, 55201, 55509]
[03239, 03211, 03222, 03111, 03031, 03011, 02111, 04151, 01013, 01113, 01121, 07331, 07231, 07211, 07221, 50249, 50239, 50229, 50209, 50199, 50189, 50179, 50169, 51011, 51021, 51031, 51041, 51051, 51071, 53011, 53021, 53171, 53181, 53191, 53201, 53329, 53161, 54011, 54241, 54009]
[10009, 10089, 10369, 14039, 14389, 14381, 14291, 14271, 14281, 14059, 14049, 14159, 14139, 14129, 14119, 14109, 14089, 14069, 05641, 03223, 03151, 03021, 03011, 02111, 04111, 04121, 08079, 07011, 07021, 07031, 07111, 50251, 50261, 50301, 50081, 50071, 50021, 50031, 50041, 50161, 50171, 50191, 50201, 50211, 50991, 52129, 52109, 52499]
LOOP
[10009, 10341, 10351, 10181, 10191, 10201, 10321, 13031, 13041, 13201, 09159, 09169, 09179, 09213, 40191, 40201, 40211, 40221, 40231, 51091, 51101, 51021, 51031, 51041, 51051, 51071, 53011, 53021, 53041, 53051, 53061, 53071, 53081, 53091, 56261, 54061, 54211, 54221, 54231, 54241, 54261, 54271, 54281, 54291, 54301, 66341, 66331, 66101, 63311, 63321, 63331, 63341, 63061, 64011, 64009]
[03239, 03211, 03222, 03111, 03071, 03031, 03381, 03391, 03511, 03501, 02051, 02061, 04151, 01013, 01113, 01121, 01211, 01311, 07371, 07361, 07351, 60101, 60121, 60141, 60161, 60201, 60261, 61011, 61021, 61031, 61041, 62111, 62121, 66381, 66361, 66039, 66099, 54109, 54099, 54089, 54079, 54011, 54241, 54009]
LOOP
LOOP
LOOP
[65009, 65221, 65281, 65249, 65159, 65079, 65069, 65059, 67111, 67121, 67131, 67141, 67151, 64409, 64069, 64059, 64049, 64019, 63069, 63059, 63049, 63039, 63029, 63019, 63151, 63161, 63181, 66149, 66139, 66271, 66129, 66119, 66039, 66099, 54109, 54099, 54089, 54079, 54011, 54241, 54009]
LOOP
[10009, 10659, 10101, 10449, 10439, 10429, 10211, 10299, 10289, 10279, 10269, 10249, 13051, 13062, 13071, 13081, 13091, 13101, 04311, 08011, 08058, 08079, 07011, 07021, 07031, 07111, 07211, 07221, 50249, 50239, 50229, 50991, 52129, 52109, 52419, 52409, 52479, 50169, 51011, 52071, 52009]
LOOP
[17009, 17239, 17159, 19049, 19039, 19029, 19099, 19071, 19081, 18111, 18129, 18109, 18049, 11511, 11019, 10139, 10119, 10109, 10099, 10089, 10371, 10381, 13051, 13063, 13141, 13191, 09048, 09038, 08138, 08057, 08069, 04179, 02049, 80151, 80161, 80211, 80149, 80279, 91099, 91041, 91051, 91061, 91071, 92091, 92101, 92111, 92121, 92131, 92141, 92151, 93051, 93061, 93071, 93081, 93091, 94011, 94021, 94031, 94041, 94051, 94061, 94071, 85021, 85031, 85041, 85099, 84069, 84289, 84249, 84239, 84229, 84219, 84351, 84009]
LOOP
[52009, 52131, 52141, 52151, 52219, 52249, 51059, 51049, 51039, 51029, 51019, 50059, 50049, 50038, 50029, 50079, 50089, 50279, 50259, 07211, 07249, 07359, 07369, 07379, 80011, 80009]
LOOP
[28009, 28301, 28431, 28249, 28239, 28229, 20269, 20201, 20211, 20231, 20179, 20169, 20181, 20191, 20149, 20139, 20289, 20299, 17079, 17069, 17049, 17039, 17389, 17029, 17019, 16089, 16079, 16069, 16059, 16049, 16039, 16029, 16019, 16209, 15229, 15219, 15209, 15199, 15169, 15159, 15149, 14189, 14179, 14169, 14159, 14139, 14129, 14119, 14011, 14239, 14229, 10391, 10049, 10039, 10018, 05012, 05013, 06171, 04321, 04311, 08011, 08111, 08121, 09011, 09023, 09212, 40171, 40181, 40121, 50061, 50031, 50041, 50051, 51011, 52071, 52009]
LOOP
[11379, 11189, 11179, 11169, 11159, 11149, 11139, 10299, 10209, 10199, 10189, 10359, 10349, 10339, 14249, 14059, 14049, 14159, 14139, 14129, 14119, 14109, 14089, 14069, 05641, 05651, 05411, 05421, 05271, 05241, 05022, 04222, 04223, 04151, 01013, 01113, 01121, 01211, 01311, 07371, 07361, 07351, 07241, 50249, 50239, 50229, 50209, 50199, 50189, 50179, 50169, 51011, 52071, 52009]
[17009, 17239, 17159, 19049, 19039, 19029, 19019, 11199, 11189, 11179, 11169, 11059, 11049, 11039, 11029, 11019, 10139, 10119, 10109, 10099, 10089, 10079, 10069, 10059, 10049, 10039, 10018, 05012, 05022, 04222, 04223, 04143, 04121, 08079, 07011, 07021, 07031, 07111, 07211, 07221, 60101, 60121, 60141, 60161, 60201, 60261, 61011, 61021, 61031, 61041, 62111, 62121, 62131, 66371, 63361, 63181, 63191, 63201, 63211, 63311, 63391, 63381, 63371, 64341, 64351, 64361, 64031, 64079, 64059, 64049, 64009]
[09048, 09038, 08138, 08057, 08069, 04179, 02049, 80151, 80161, 80149, 92091, 92101, 92111, 92121, 92131, 92141, 92151, 93051, 93061, 93071, 93081, 93091, 94011, 94021, 94031, 94041, 94051, 85021, 85099, 84249, 84239, 84229, 84219]
LOOP
LOOP
[16009, 16199, 16189, 16179, 16169, 17091, 17101, 17111, 12061, 12071, 12081, 12091, 12101, 42141, 42059, 42049, 42039, 42029, 42019, 41089, 41079, 41069, 41049, 41029, 41019, 40099, 40231, 51091, 51101, 52071, 52081, 60081, 60211, 70101, 70111, 70121, 70131, 70141, 71011, 71171, 71021, 71069, 71059, 62249, 62239, 63109, 63099, 63089, 63079, 64201, 64231, 64241, 64009]
[16009, 16199, 16189, 16179, 16169, 17091, 17101, 17111, 12061, 12071, 12081, 12091, 12101, 42141, 42059, 40231, 51091, 52071, 52081, 60081, 60211, 71011, 71069, 63109, 63099, 63089, 63079, 64201, 64231, 64241, 64009]
[64009, 64019, 63069, 63059, 63049, 63039, 63029, 63019, 62149, 62139, 62129, 62119, 66089, 66079, 66069, 52069, 52059, 52361, 52279, 52239, 52189, 52079, 51099, 40249, 40239, 40091, 41011, 41021, 41119, 41109, 11119, 11109, 11099, 11089, 11079, 11069, 11059, 11049, 11039, 11029, 11019, 10139, 10119, 10651, 10009]
[82009, 82229, 82049, 82029, 82109, 81129, 81119, 81109, 70251, 70379, 70201, 70211, 70221, 70231, 70241, 70021, 70031, 70119, 70109, 60219, 60089, 52089, 52079, 51099, 40249, 40239, 40091, 41011, 41021, 41031, 41041, 41051, 41061, 41071, 41081, 42011, 42021, 42031, 42041, 42051, 42061, 42149, 12109, 12099, 12089, 12079, 12069, 17119, 17109, 17151, 17161, 17171, 17181, 17051, 20021, 20031, 20051, 20061, 20081, 21011, 21021, 21171, 21551, 21771, 21761, 21751, 21631, 21641, 21651, 21661, 28091, 21681, 21691, 22009]
LOOP
LOOP
[17009, 17239, 17241, 12119, 12059, 12049, 12039, 12029, 11299, 11301, 11311, 11321, 11331, 11341, 42131, 42019, 41089, 41079, 41069, 41049, 41029, 41019, 40099, 40231, 51091, 51101, 51021, 51031, 51041, 51051, 51071, 51131, 52011, 53219, 53239, 53249, 54539, 54101, 66091, 66031, 66041, 66051, 63361, 63181, 63191, 63201, 63211, 64101, 64111, 66481, 66491, 64469, 64629, 67459, 67469, 67279, 67449, 67401, 67181, 67009]
[22009, 21361, 21371, 21381, 21169, 28539, 28409, 28529, 28519, 28509, 28499, 28469, 28459, 28291, 43459, 43349, 43539, 43409, 43411, 43179, 43189, 43199, 43209, 42199, 42189, 42179, 42169, 42159, 42259, 42089, 42059, 42049, 42039, 42029, 42019, 41089, 41079, 41069, 41049, 41121, 41131, 41141, 41151, 40251, 40261, 51111, 51071, 51131, 52011, 52021, 52031, 52361, 52279, 52269, 52501, 52009]
LOOP
[52009, 52509, 52251, 52271, 52369, 52051, 52061, 66011, 66021, 66099, 54109, 54311, 54321, 54331, 54391, 54341, 54351, 54471, 54481, 54491, 54501, 54651, 66451, 66511, 66521, 66531, 64491, 64481, 64471, 64601, 64611, 64469, 64629, 67459, 67469, 67279, 67449, 67401, 67181, 67009]
LOOP
[10009, 10341, 10351, 10179, 10169, 10149, 06071, 06081, 06131, 13121, 13141, 13191, 09048, 09038, 08138, 08057, 08069, 04179, 02049, 80151, 80161, 80211, 80149, 81171, 81181, 81191, 82121, 82131, 92179, 92189, 92051, 92061, 92239, 92071, 92081, 93011, 93021, 93121, 93071, 93081, 93091, 84159, 84121, 84131, 84009]
LOOP
[46009, 46631, 46331, 46221, 56996, 68996, 65069, 65059, 67109, 67409, 67441, 67271, 67461, 67451, 64621, 64461, 64619, 64609, 64419, 64341, 64351, 64361, 64371, 64381, 64009]
[03239, 03211, 03222, 03111, 03031, 03011, 02111, 04111, 04121, 08041, 08031, 08111, 08121, 09011, 09023, 09212, 40171, 40181, 40121, 50061, 50031, 50041, 50051, 51011, 51021, 51031, 51041, 51051, 51071, 53011, 53021, 53041, 53051, 53061, 53369, 53359, 53349, 53339, 53329, 53379, 53389, 53399, 53249, 54539, 54311, 54321, 54331, 54247, 54031, 54041, 54051, 55201, 55509]
LOOP
[52009, 52509, 52261, 52271, 52369, 52039, 52029, 52019, 51139, 53011, 53021, 53041, 53051, 53061, 53071, 53081, 53091, 56021, 56031, 56191, 56201, 55011, 55021, 55031, 55041, 55051, 55071, 55081, 55101, 67011, 67021, 67659, 67289, 67491, 67481, 67471, 67321, 67301, 67291, 67331, 67261, 67211, 65021, 65031, 65041, 67109, 67009]
LOOP
[17009, 17239, 17159, 17101, 12119, 12059, 12049, 12039, 12029, 11299, 11289, 11279, 11269, 11239, 11091, 11101, 11111, 41101, 41111, 41121, 41131, 41141, 41151, 40251, 40261, 51111, 51071, 53011, 53021, 53041, 53051, 53061, 53071, 53081, 53091, 56261, 54061, 54211, 54221, 54231, 54241, 54261, 54271, 54281, 54291, 54301, 66341, 66331, 66101, 63311, 63391, 63381, 63371, 64331, 64521, 64559, 64009]
[17009, 17239, 17159, 19049, 19039, 19029, 19099, 19071, 19081, 18111, 18129, 18109, 18049, 18019, 15059, 15049, 14189, 14179, 14169, 14159, 14139, 14129, 14119, 14011, 14239, 14229, 10391, 10049, 10039, 10018, 05012, 05022, 05023, 04222, 04223, 04143, 04121, 08079, 07011, 07021, 40011, 40101, 50011, 50021, 50031, 50041, 50051, 51011, 51021, 51031, 51041, 51051, 51071, 53011, 53021, 53041, 53051, 53061, 53071, 53081, 53091, 56261, 54061, 54211, 54221, 54231, 54241, 54009]
[10009, 10089, 10079, 10069, 10059, 10049, 10039, 10017, 05519, 05629, 03223, 03151, 03021, 03011, 02111, 04111, 04121, 08041, 08031, 08111, 08121, E0902, E0901, 09011, 09023, 09212, 40171, 40181, 40121, 50061, 50031, 50041, 50051, 51011, 51021, 51031, 51041, 51051, 51071, 53011, 53021, 53041, 53051, 53061, 53071, 53081, 53091, 56021, 56031, 56041, 56051, 56061, 56071, 56081, 56091, 57011, 57021, 57031, 57041, 57051, 57061, 57071, 57081, 57111, 57121, 57131, 58011, 58021, 58339, 58159, 58009]
[46009, 46631, 46331, 46221, 56996, 68111, 65199, 75359, 75369, 75319, 75299, 75289, 75279, 76549, 76191, 76149, 76139, 76069, 75059, 75069, 75349, 84209, 84529, 84219, 84351, 84009]
[54009, 54247, 54239, 54229, 54219, 54069, 56269, 56021, 56031, 56041, 56051, 56061, 56071, 56081, 56091, 57011, 57021, 57031, 57041, 57051, 57061, 57071, 59551, 59541, 59331, 59061, 59079, 59091, 59251, 59521, 58041, 58051, 58061, 58209, 58199, 58189, 58179, 58169, 58149, 47809, 47819, 47829, 47079, 46719, 46729, 46489, 46479, 46469, 46459, 46261, 46279, 46009]
LOOP
[84009, 84301, 84311, 84321, 84341, 84221, 84251, 84261, 84271, 84591, 84431, 96101, 96281, 76071, 76081, 76091, 76101, 76231, 76241, 98011, 98091, 78051, 78169, 78159, 78229, 78111, 78101, 77009]
[46239, 46219, 46109, 46069, 46088, 46091, 46059, 46049, 46039, 46029, 45139, 45129, 45119, 45109, 45099, 45079, 45069, 45059, 45049, 45039, 45029, 45019, 44069, 44059, 44049, 44029, 44019, 43119, 43109, 43099, 43089, 43069, 43059, 43049, 43029, 43019, 42119, 42109, 42089, 42059, 42049, 42039, 42029, 42019, 41089, 41079, 41069, 41049, 41029, 41019, 40099, 40089, 40079, 40119, 40069, 40059, 40049, 40039, 40029, 40279, 40019, 07539, 01109]
LOOP
[47711, 46219, 46109, 46059, 46049, 46039, 46029, 45139]
[02099, 02101, 02051, 02061, 04111, 04121, 08041, 08031, 08111, 08121, E0902, E0901, 09011, 09023, 09212, 40171, 40181, 40041, 40051, 40111, 40071, 40081, 40091, 41011, 41021, 41031, 41041, 41051, 41061, 41071, 41081, 42011, 42021, 42031, 42041, 42051, 42061, 42071, 42091, 42111, 43011, 43021, 43041, 43051, 43061, 43071, 43081, 43091, 43111, 44011, 44021, 44251, 44639, 44201, 44211, 44221, 44261, BKE, 48011, 48021, 48031, 48041, 48051, 48061, 48141, 57051, 57061, 57071, 57081, 59119, 59149, 59159, 59009]
[22009, 22499, E2801, 21361, 21371, 27091, 27101, 27121, 31011, 31021, 31031, 31041, 31051, 31151, 31161, 31171, 31191, 30011, 30021, 30031, 30041, 30051, 30091, 30081, 44071, 45451, 44081, 44091, 44101, 44119, 44391, 44009]
LOOP
LOOP
[10589, 10017, 06011, 06039, 06189, 05023, 04222, 04223, 04143, 04121, 08041, 08031, 08111, 08121, 09059, 09022, 09111, 09121, 09131, 09141, 13011, 13021, 11201, 11211, 11221, 11091, 11101, 11111, 41101, 41111, 41031, 41041, 41051, 41061, 41071, 41081, 42011, 42021, 42031, 42041, 42051, 42061, 42071, 42151, 42161, 42171, 42181, 42191, 43201, 43191, 43181, 43171, 43419, 43401, 43531, 43341, 43451, 28111, 28121, 28131, 28141, 28151, 28161, 21249, 21429, 21391, 21369, 22009]
[10589, 10017, 06011, 06039, 06189, 05023, 04222, 04223, 04143, 04121, 08041, 08031, 08111, 08121, 09059, 09022, 09111, 09121, 09131, 09141, 13011, 13021, 11091, 41031, 42071, 42151, 42161, 42171, 42181, 42191, 43201, 43191, 43181, 43171, 43419, 43401, 43531, 43341, 43451, 28111, 21249, 21429, 21391, 21369, 22009]
[80009, 80101, 80319, 80309, 80299, 60039, 60029, 60019, 07369, 07379, 01339, 01329, 01229, 01139, 01039, 01029, 04111, 04121, 08041, 08031, 08111, 08121, 09059, 09022, 13199, 13159, 13139, 13119, 06129, 06069, 06049, 10992, 10071, 10501, 10081, 10339, 14241, 14191, 14201, 14471, 14211, 18019, 15059, 15049, 15141, 15151, 15161, 15191, 15201, 15211, 16211, 16221, 16231, 16241, 17291, 17351, 17301, 17361, 17081, 17031, 17041, 17251, 17161, 17171, 17009]
[10009, 10339, 14249, 14059, 14049, 14161, 14171, 15141, 15151, 15161, 15191, 15201, 15211, 16211, 16221, 16231, 16241, 17291, 17351, 17301, 17361, 17311, 17321, 17331, 20281, 20131, 20141, 20151, 20251, 20261, 20271, 28221, 28231, 28241, 28439, 28441, 28311, 28621, 43691, 43379, 43329, 43409, 43411, 43421, 43431, 43441, 43231, 43241, 43251, 43261, 43271, 43061, 43071, 43081, 43091, 43111, 44011, 44021, 44251, 44739]
LOOP
[22009, 22499, 21699, 21689, 21229, 21219, 21209, 21279, 21199, 21189, 21179, 21029, 21019, 20089, 20069, 20271, 28221, 28231, 28241, 28251, 28261, 28271, 28281, 28291, 43459, 43349, 43539, 43409, 43411, 43179, 43189, 43199, 43209, 43639, 43021, 43041, 43051, 43061, 43071, 43081, 43091, 43111, 44011, 44021, 44041, 44051, 44061, 45011, 45021, 45031, 45041, 45051, 45061, 45071, 45081, 45091, 45101, 45111, 45121, 45131, 46021, 46031, 46041, 46051, 46069, 46088, 46111, 46201, 46189, 46191, 46299, 46009]
LOOP
LOOP
LOOP
LOOP
LOOP
LOOP
LOOP
LOOP
LOOP
LOOP
LOOP
LOOP
LOOP
[11379, 11381, 11181, 11191, 19011, 19021, 19031, 19041, 17151, 17161, 17171, 17181, 17371, 12201, 42775, 28299, 28451, 28461, 28491, 28501, 28511, 28521, 28401, 28531, 21161, 27471, 27461, 27451, 27441, 27431, 27351, 27361, 27309, 22459, 22469, 22189, 22199]
[52499, 52451, 52129, 52109, 52099, 50159, 50209, 50199, 50189, 50179, 50169, 51109, 51099, 40249, 40239, 40091, 41011, 41021, 41119, 41109, 11119, 11109, 11099, 11089, 11079, 11069, 11159, 11149, 11139, 10299, 10289, 10279, 10269, 10249, 10239, 10229, 06149, 06159, 06169, 06189, 05129, 05319, 03059, 03129, 03218, 03219, 03239]
[22009, 22499, 21699, 21689, 28099, 28381, 28391, 28529, 28519, 28509, 28499, 28469, 28459, 28339, 28329, 28621, 43691, 43381, 43709, 43419, 43469, 43479, 43489, 43499, 43839, 43649, 43521, 44161, 44151, 44131, 44141, 44251, 44241, 44231, 44261, BKE, 46499, 46521, 46531, 46541, 46009]
[14009, 14131, 14151, 14161, 14171, 15141, 15151, 15161, 15191, 15201, 15221, 16201, 16011, 16021, 16031, 16041, 16051, 16061, 16071, 16081, 16131, 16141, 16151, 17121, 17131, 17141, 17059, 20101, 28011, 28021, 28031, 28041, 28659, 28649, 28639, 28621, 43691, 43379, 43329, 43409, 43469, 43479, 43489, 43499, 43839, 43649, 43521, 44161, 44151, 44129, 44449, 44459, 44469, 44009]
LOOP
[14519, 14121, 14161, E1500, AYE, E2203, E2202, 28659, 28649, 28639, 28621, 43691, 43379, 43329, 43409, 43469, 43479, 43489, 43499, 43839, 43649, E4309, E4308, 44129, 44449, 44459, 44469, 44009]
LOOP
LOOP
LOOP
[10589, 10017, 05012, 05022, 04222, 04223, 04143, 04121, 08041, 08031, 08111, 08121, E0902, E0901, 09011, 09023, 09213, 40191, 40201, 40211, 40221, 40231, PIE, BKE, 44269, 44239, 44249, 44259, 44149, 44271, 44281, 44291, 44391, 44009]
LOOP
LOOP
[25009, 25411, 25421, 25491, 25471, 25501, 25091, 25101, 25111, 25121, 25151, 25161, 25171, 25181, 25191, 25209, 24519, 24029, 24019, 23371, 23079, 23069, 23059, 23049, 22471, 22461, 22529, 22519, 22509, 22009]
[25009, 25411, 25421, 25431, 25441, 25451, 25461, 26201, 25391, 25511, 25079, 25069, 25389, 25379, 25361, 25359, 25349, 25339, 25329, 24529, 24519, 24029, 24019, 23371, 23481, 23149, 23139, 23129, 23119, 23109, 23099, 23509, 22161, 22171, 22181, 22461, 22451, 22369, 22359, 22349, 22599, 22449, 22009]
LOOP
LOOP
[17009, 17181, 17051, 20019, 17149, 17139, 17191, 19051, 19061, 19071, 19081, 18111, 18141, 11361, 11189, 11179, 11169, 11059, 11049, 11039, 11029, 11019, 10139, 10119, 10109, 10099, 10089, 10079, 10069, 10059, 10049, 10039, 10017, 05519, 05629, 03222, 03111, 03071, 03031, 03011, 02111, 80151, 80161, 80211, 80149, 80279, 91099, 91041, 91051, 91061, 91071, 92249, 92041, 92051, 92061, 92239, 92071, 92081, 93011, 93021, 93031, 93041, 93139, 84159, 84121, 84131, 84009]
[03222, 03111, 03071, 03031, 03011, 02111, 80151, 80161, 80149, 92249, 92041, 92051, 92061, 92239, 92071, 92081, 93011, 93021, 93031, 93041]
[28009, 28301, 28431, 28249, 28239, 28229, 20059, 20039, 20029, 20019, 17149, 17139, 17129, 16099, 18079, 18109, 18049, 11511, 11019, 10139, 10119, 10109, 10099, 10089, 10079, 10069, 10059, 10049, 10039, 10018, 05013, 05023, 04222, 04142, 04151, 01013, 01112, 01121, 01211, 01311, 80011, 80031, 80051, 80119, 80251, 81169, 81159, 81149, 81139, 81129, 82119, 82099, 82089, 82079, 92169, 92249, 92041, 92051, 92061, 92071, 92081, 93011, 93021, 93031, 93041, 93139, 84159, 84121, 84131, 84009]
[10009, 10659, 10101, 10111, 10131, 11021, 11031, 11041, 11051, 11161, 11171, 11181, 11369, 18149, 18129, 16091, 17121, 17131, 17141, 20011, 20021, 20031, 20051, 20271, 28221, 28231, 28241, 28251, 28261, 28271, 28281, 28451, 28461, 28491, 28501, 28511, 28521, 28401, 28531, 21249, 21429, 21391, 21369, 22009]
LOOP
LOOP
[10589, 10017, 05013, 05023, 04222, 04142, 01012, 01113, 01121, 01211, 01311, 80011, 80031, 80051, 80071, 80091, 81011, 81031, 81051, 82011, 82032, 82061, 83011, 83031, 83062, 83081, 84011, 84021, 84031, 84041, 84051, 84061, 85091, 85051, 85061, 85081, 85071, 96071, 96081, 96091, 96041, 96051, 96061, 97011, 97031, 97041, 97051, 97201, 97061, 97071, 97081, 97091, 98061, 98071, 99011, 99021, 99031, 99041, 99139, 99009]
LOOP
LOOP
LOOP
[52499, 52451, 52129, 52049, 52119, 52099, 50159, 50209, 50199, 50189, 50179, 50169, 50059, 50049, 50038, 50111, 50121, 50231, 50331, 50349, 60199, 60059, 80109, 80051, 80071, 80091, 81011, 81031, 81051, 82011, 82032, 82061, 83101, 83111, 72011, 72021, 72061, 72071, 84499, 84489, 84461, 84471, 84621, 84611, 84631, 84601, 75341, 75061, 75051, 76061, 76131, 76141, 76201, 76211, 76221, 76231, 76241, 98011, 98091, 78051, 78061, 78079, 78089, 78101, 77009]
[75009, 76111, 76121, 76281, 75069, 75349, 84609, 84639, 84619, 84629, 84479, 84469, 84481, 84491, 72079, 72069, 72029, 71099, 71139, 71149, 71159, 71169, 70261, 70271, 70281, 70291, 70301, 62011, 62021, 62031, 62041, 62051, 62149, 66351, 66371, 66059, 66049, 66039, 66099, 54109, 54311, 54321, 54331, 54009]
LOOP
LOOP
[84009, 84339, 84449, 84419, 84409, 84379, 84309, 84009]
LOOP
LOOP
LOOP
LOOP
LOOP
LOOP
LOOP
LOOP
LOOP
LOOP
LOOP
LOOP
LOOP
LOOP
[22009, 22251, 22241, 22231, 22361, 27301, 27369, 27411, 27401, 27399, 27389, 27379, 22599, 22449, 22009]
LOOP
LOOP
LOOP
LOOP
[84009, 84029, 84019, 83099, 83079, 83059, 83049, 83101, 83111, 72011, 71099, 71089, 71079, 71069, 71059, 62249, 62239, 63109, 63099, 63089, 63079, 63241, 63349, 63339, 63329, 63319, 66109, 66339, 66349, 54309, 54299, 54289, 54279, 54269, 54009]
LOOP
LOOP
LOOP
LOOP
LOOP
LOOP
LOOP
LOOP
[52009, 52509, 52329, 52081, 60081, 60179, 60221, 60039, 60029, 60059, 80109, 80051, 80071, 80091, 81011, 81031, 81051, 82011, 82033, 82061, 83011, 83031, 83062, 83081, 84581, 84571, 84561, 84551, 84541, 84009]
LOOP
LOOP
LOOP
LOOP
LOOP
LOOP
LOOP
LOOP
LOOP
LOOP
[52009, 52509, 52251, 52271, 52369, 52051, 52061, 66061, 66071, 66081, 62109, 62099, 62089, 62079, 62069, 70309, 70299, 70289, 70279, 70269, 70259, 81101, 81111, 82011, 82033, 82061, 83011, 83031, 83062, 83081, 84011, 84021, 84031, 84041, 84191, 84211, 84521, 84201, 75341, 75061, 75051, 76071, 76081, 76091, 76101, 76411, 76421, 76461, 76251, 76261, 76271, 76351, 76361, 76391, 76199, 75009]
LOOP
LOOP
LOOP
LOOP
LOOP
LOOP
LOOP
LOOP
[65009, 65221, 65281, 65271, 65261, 65239, 65179, 65169, 65159, 65079, 65199, 77339, 77289, 77169, 77319, 77309, 77061, 78049, 77019, 77029, 77329, 77379, 77009, 78109, 78119, 78221, 78209, 78219, 98099, 98019, 76249, 76239, 76189, 76179, 76169, 76159, 76149, 76139, 76051, 75009]
[22009, 21699, 21689, 21229, 21219, 21619, 21609, 21599, 21589, 21579, 21569, 21559, 21179, 21029, 21019, 20089, 20269, 20259, 20159, 20149, 20139, 20289, 20299, 17079, 17069, 17049, 17039, 17389, 17029, 17019, 16089, 16079, 16069, 16059, 16049, 16039, 16029, 16019, 16209, 15229, 15219, 15209, 15199, 15169, 15159, 15149, 14189, 14179, 14169, 14159, 14139, 14129, 14119, 14109, 14089, 14069, 05641, 90966, 91081, 91091, 81171, 81181, 81191, 82081, 82091, 82111, 82011, 82033, 82061, 83011, 83031, 83062, 83081, 84011, 84021, 84009]
LOOP
LOOP
LOOP
LOOP
LOOP
LOOP
LOOP
[16069, 16059, 16039, 16029, 16019, 16209, 15209, 15199, 15169, 15159, 15149, 14189, 14129, 14119, 14109, 90996, 91081, 91091, 81171, 81181, 81191, 82081, 82011, 82061, 83011, 84011, 84021, 84009]
[52009, 52509, 52329, 52081, 60081, 60179, 60159, 60139, 60119, 60059, 80109, 80051, 80119, 80149, 81171, 81181, 81191, 82079, 92169, 92091, 92249, 92041, 92051, 92061, 92071, 92081, 93011, 93021, 93031, 93041, 93139, 84159, 84121, 84131, 84031, 84041, 84051, 84061, 85091, 85101, 96011, 96111, 96101, 96281, 76061, 76051, 75009]
LOOP
LOOP
[11379, 11189, 11179, 11169, 11471, 11481, 11491, 10461, 10471, 10329, 10209, 10199, 10189, 10179, 10381, 13051, 13062, 13071, 13081, 13091, 13101, 04339, 04219, 04142, 01012, 01113, 01121, 01211, 01311, 80011, 80031, 80051, 80119, 80149, 81171, 81181, 81191, 82079, 92169, 92091, 92101, 92111, 92121, 92131, 92141, 92151, 93051, 93101, 83171, 83181, 83191, 83201, 83063, 83081, 84011, 84021, 84009]
LOOP
LOOP
[16009, 16131, 16141, 16151, 19051, 19061, 19071, 19081, 18111, 18129, 18109, 18049, 11511, 11521, 11531, 10299, 10209, 10199, 10189, 10179, 10169, 10149, 06049, 06029, 05013, 05023, 04222, 04142, 01012, 01113, 01121, 01211, 01311, 80011, 80031, 80051, 80119, 80149, 81171, 81181, 81191, 82121, 82131, 82141, 82151, 82171, 82181, 83151, 83131, 83141, 83031, 83062, 83081, 84011, 84021, 84009]
LOOP
LOOP
LOOP
LOOP
LOOP
LOOP
LOOP
LOOP
LOOP
LOOP
LOOP
LOOP
LOOP
LOOP
LOOP
LOOP
LOOP
LOOP
[84009, 84139, 84129, 84119, 84149, 84089, 84079, 84109, 85091, 85101, 96011, 96021, 96031, 96201, 96299, 96179, 96161, 96151, 96141, 96131, 96121, 76101, 76229, 76219, 76209, 76199, 75009]
LOOP
LOOP
LOOP
[59009, 59073, 59069, 59059, 59049, 59039, 59029, 59019, 55289, 68111, 65199, 77339, 77289, 77239, 77249, 78049, 77019, 77029, 77039, 77049, 77059, 78069, 78059, 98099, 98019, 76249, 76239, 76109, 76099, 76089, 76079, 76061, 76051, 75009]
LOOP
LOOP
LOOP
LOOP
LOOP
LOOP
LOOP
LOOP
LOOP
LOOP
LOOP
LOOP
[53009, 53279, 53289, 53401, 53221, 53301, 53311, 53121, 53291, 53179, 53041, 53051, 53061, 53369, 53359, 53349, 53339, 53329, 53379, 53389, 53399, 53269, 53009]
LOOP
LOOP
LOOP
[94009, 94069, 94059, 94049, 94089, 94039, 94029, 94019, 93131, 93049, 93039, 93201, 93029, 93019, 92089, 92079, 92069, 92059, 92049, 92241, 92161, 82071, 82081, 82091, 82109, 81129, 81119, 81109, 70251, 70261, 70271, 70281, 70291, 70301, 62011, 62021, 62031, 62041, 62051, 62149, 66351, 66371, 63361, 63181, 63191, 63201, 63211, 64101, 64111, 66481, 66491, 64469, 64629, 67621, 67609, 67619, 67449, 67419, 65439, 65149, 65401, 65009]
LOOP
[55009, 55231, 55319, 55309, 55189, 55209, 54259, 54351, 54471, 54579, 54589, 54389, 54379, 54609, 54101, 66091, 66031, 66369, 66389, 62131, 62141, 62059, 62229, 63309, 63299, 63101, 62231, 62241, 71051, 71061, 71071, 71081, 71091, 72019, 74995, 84361, 84311, 84321, 84341, 84219, 84199, 84051, 84061, 85091, 85049, 85039, 85029, 85019, 94079, 94009]
[75009, 75129, 75139, 75161, 75201, 75081, 75071, 76281, 75069, 75349, 84209, 84529, 84221, 84231, 84241, 84281, 84061, 84101, 84661, 84671, 94051, 94061, 94009]
LOOP
[11379, 11381, 11401, 11239, 11091, 11101, 11111, 41101, 41111, 41029, 41019, 40099, 40089, 40079, 40119, 40069, 40059, 40049, 40039, 40029, 40279, 40019, 07539, 07589, 01559, 01549, 90986, 82051, 92091, 92249, 92041, 92051, 92061, 92071, 92081, 93011, 93021, 93031, 93041, 93139, 94011, 94021, 94031, 94041, 84679, 84669, 84109, 85091, 85051, 85061, 85081, 85071, 84439, 84299]
LOOP
LOOP
[10009, 10089, 10371, 10169, 10149, 06071, 06081, 06131, 13121, 13141, 13191, 09212, 40171, 40181, 40121, 50061, 50031, 50041, 50051, 51011, 52071, 74995, 72011, 71099, 72059, 72049, 72039, 84709, 84489, 84461, 84471, 84621, 84611, 84631, 84601, 75341, 75061, 75051, 96289, 96259, 96169, 96269, 96199, 96209, 96041, 96051, 96061, 97011, 97031, 97041, 97051, 97119, 97129, 98101, 78141, 78131, 78121, 78111, 78101, 77009]
[65009, 65359, 65309, 65319, 65329, 65189, 65239, 65529, 67529, 67539, 67129, 67119, 67109, 67409, 67399, 67389, 67371, 65809, 67329, 67479, 67489, 67499, 68019, 67089, 67041, 67051, 67061, 67071, 64129, 66479, 66459, 54659, 54509, 54499, 54489, 54479, 54359, 54349, 54399, 54339, 54329, 54319, 54531, 53241, 53231, 53229, 53009]
LOOP
LOOP
[94009, 94069, 94059, 84679, 84669, 84109, 84069, 84059, 84191, 84211, 84521, 84201, 84609, 84639, 84619, 84629, 84479, 84469, 84481, 84491, 72079, 72069, 72029, 72019, 74995, 52089, 52321, 52501, 52079, 51099, 42996, 42311, 43621, 43611, 43181, 43171, 43419, 43401, 43531, 43341, 43451, 28299, 28289, 28089, 28079, 28449, 28009]
[28009, 28301, 28431, 28249, 28239, 28229, 20269, 20181, 20191, 20149, 20139, 20289, 20299, 17079, 17069, 17049, 17039, 17389, 17029, 17019, 16089, 16079, 16069, 16059, 16049, 16039, 16029, 16019, 16209, 15229, 15219, 15209, 15199, 15169, 15159, 15149, 15041, 15051, 18011, 11511, 11021, 11031, 11041, 11051, 11159, 11149, 11139, 10299, 10289, 10279, 10269, 10249, 10239, 10229, 06149, 06159, 06169, 06189, 05023, 04222, 04142, 01012, 01113, 01121, 01211, 01311, 80011, 80031, 80051, 80071, 80091, 81011, 81031, 81051, 82011, 82032, 82061, 83101, 83111, 72011, 71099, 71089, 71079, 71069, 71059, 62249, 62239, 63109, 63099, 63089, 63079, 63241, 63061, 64011, 64009]
[03222, 03111, 03071, 03031, 03381, 03391, 90986, 96241, 96271, 96231, 96221, 96111, 96101, 96281, 75059, 75229, 75239, 75249, 75031, 75101, 75209, 75169, 75131, 75121]
LOOP
LOOP
[28009, 28301, 28441, 28311, 28631, 28641, 28651, 28049, 28039, 28029, 28019, 20109, 17189, 17179, 17169, 17159, 17101, 17111, 12061, 12071, 12081, 12091, 12101, 42141, 42071, 42259, 42886, 41141, 41151, 40251, 40261, 51111, 51071, 53011, 53021, 53041, 53051, 53061, 53369, 53359, 53349, 53339, 53329, 53379, 53389, 53399, 53231, 53229, 53009]
LOOP
LOOP
LOOP
[03222, 03111, 03071, E0302, 03011, 02111, E8000, E0200, 02151, 02161, E0200, E0202, E0702, ECP, 93139, 94031, 94041, 94051, 94061, 94071, 85021, 85031, 85041, 85051, 85061, 85081, 85071, 96101, 96259, 96169, 96269, 96181, 96121]
LOOP
LOOP
LOOP
LOOP
LOOP
LOOP
LOOP
LOOP
[10589, 10017, 05012, 05022, 04222, 04211, 04331, 13109, 13099, 13089, 13079, 13141, 13191, 09212, 40171, 40181, 40121, 50061, 50031, 50041, 50051, 51011, 51021, 51031, 51041, 51051, 51081, 53111, 53121, 53131, 53141, 53151, 53379, 53389, 53399, 53231, 53229, 53259, 53281, 53271, 53009]
LOOP
LOOP
LOOP
LOOP
LOOP
LOOP
LOOP
LOOP
LOOP
[02099, 02101, 02051, 02061, 01611, 01631, 07561, 07571, 07021, 40011, 40101, 50011, 50021, 50031, 50041, 50051, 51011, 52071, 52181, 52231, 52271, 52369, 52039, 53219, 53229, 53259, 53281, 53271, 53009]
LOOP
LOOP
LOOP
LOOP
LOOP
LOOP
[10009, 10339, 14241, 14191, 14201, 14471, 14211, 18019, 15059, 15049, 14189, 14179, 14169, 14159, 14139, 14129, 14119, 14109, 14089, 14069, 05641, 03223, 03151, 03021, 03011, 02111, 01611, 01621, 01541, 07551, 07531, 40011, 40101, 50011, 50021, 50031, 50041, 50051, 51011, 52071, 52509, 52329, 52339, 52349, 52369, 52039, 53219, 53229, 53009]
[77009, 77191, 77201, 77211, 77251, 77261, 77271, 77331, 75359, 75369, 75319, 75299, 75379, 84481, 84701, 72031, 72041, 72051, 71089, 70079, 70089, 70099, 70271, 70281, 70291, 70301, 62011, 62021, 62031, 62041, 62051, 62149, 62139, 66381, 66419, 66409, 66399, 66099, 54109, 54531, 53241, 53231, 53229, 53009]
LOOP
LOOP
LOOP
LOOP
[99009, 99131, 99049, 99039, 99029, 99019, 98079, 98069, 98059, 98239, 98049, 98039, 98029, 98019, 76249, 76239, 76109, 76099, 76089, 76079, 75059, 75069, 75349, 84609, 84639, 84619, 84629, 84479, 84469, 84481, 84701, 72031, 72041, 72051, 71091, 72019, 74995, 52089, 52321, 52501, 52131, 52141, 52151, 52161, 52171, 52441, 52369, 52039, 53219, 53229, 53009]
LOOP
LOOP
LOOP
LOOP
LOOP
LOOP
[82009, 82061, 83101, 83111, 72011, 71099, 71139, 71149, 71159, 71169, 70379, 70201, 70211, 70221, E7001, 70231, 70241, 70021, 70031, 70119, 70109, 60219, 60179, 60221, 60039, 60029, 60019, 07369, 07379, 01339, 01329, 01229, 01139, 01039, 01029, 04167, 04249, 05029, 05199, 05189, 05259, 05239, 10021, 10041, 10399, 14221, 14231, 14019, 14141, 14121, 14131, 14151, 14161, 14171, 15041, 15051, 18011, 11511, 11021, 11031, 11441, 11451, 11171, 11401, 11261, 11271, 11281, 11291, 12021, 12031, 12041, 12051, 12111, 12061, 12071, 12081, 12091, 12101, 42141, 42071, 42151, 42161, 42171, 42181, 42191, 43201, 43191, 43181, 43171, 43009]
LOOP
LOOP
LOOP
LOOP
LOOP
[14009, 14129, 14119, 14011, 14021, 14379, 14031, 10361, 10371, 10381, 13051, 13063, 13141, 13191, 09048, 09038, 08138, 08058, 08079, 07011, 07021, 07031, 07111, 07211, 07221, 60101, 60121, 60141, 60161, 60211, 70101, 70111, 70039, 70151, 70161, 70171, 70181, 70191, 70371, 71161, 71151, 71141, 71131, 71091, 72021, 72061, 72071, 84499, 84489, 84461, 84471, 84621, 84611, 84631, 84601, 75341, 75061, 75051, 76061, 76051, 75009]
[28009, 28301, 28431, 28251, 28261, 28271, 28281, 28291, 43459, 43349, 43539, 43409, 43411, 43179, 43189, 43199, 43209, 42199, 42189, 42179, 42169, 42159, 42259, 42089, 42059, 42049, 42039, 42029, 42019, 41089, 41079, 41069, 41049, 41029, 41019, 40099, 40089, 40079, 40119, 40069, 40059, 40049, 40039, 40029, 40279, 40019, 07031, 07111, 07211, 07221, 60101, 60121, 60141, 60161, 60211, 70101, 70111, 70039, 70151, 70161, 70171, 70181, 70191, 70371, 71161, 71151, 71141, 71131, 71091, 72021, 72061, 72071, 84499, 84489, 84461, 84471, 84621, 84611, 84631, 84601, 84209, 84529, 84219, 84351, 84009]
LOOP
[28009, 28301, 28431, 28251, 28261, 28271, 28281, 28291, 43459, 43349, 43539, 43409, 43411, 43179, 43189, 43199, 43209, 42199, 42189, 42179, 42169, 42159, 42259, 42089, 42059, 42049, 42039, 42029, 42019, 41089, 41079, 41069, 41049, 41029, 41019, 40099, 40089, 40079, 40119, 40069, 40059, 40049, 40039, 40029, 40279, 40019, 07031]
[75009, 76059, 76069, 75059, 75069, 75349, 84209, 84529, 84219, 84199, 84049, 84039, 84029, 84019, 83099, 83079, 83059, 83049, 83029, 82069, 82049, 82029, 82109, 81069, 81049, 81029, 80089, 80069, 80049, 80039, 80029, 07371, 07361, 07351, 07329, 07319, 07419, 07531, 40011, 40271, 40021, 40031, 40041, 40051, 40111, 40071, 40081, 40091, 41011, 41021, 41031, 41041, 41051, 41061, 41071, 41081, 42011, 42021, 42031, 42041, 42051, 42061, 42071, 42091, 42111, 43011, 43021, 43041, 43051, 43061, 43071, 43081, 43091, 43111, 44011, 44021, 44149, 44139, 44129, 44449, 44459, 44469, E4401, 44009]
[75009, 76059, 76069, 75059, 75069, 75349, 84209, 84529, 84219, 84199, 84049, 84039, 84029, 84019, 83099, 83079, 83059, 83049, 83029, 82069, 82049, 82029, 82109, 81069, 81049, 81029, 80089, 80069, 80049, 80039, 80029, 07371, 07361, 07351, 07329, 07319, 07419, 07531, 40011]
LOOP
LOOP
[17009, 17221, 12119, 12059, 12049, 12039, 12029, 11299, 11289, 11279, 11269, 11239, 11229, 11219, 11209, 13029, 13019, 09149, 09159, 09169, 09179, 09048, 09038, 08138, 08057, 08069, 04179, 01012, 01112, 01121, 01211, 01311, 80011, 80031, 80051, 80119, 80251, 81169, 81159, 81149, 81139, 81129, 82011, 82033, 82061, 83011, 83031, 83062, 83081, 84011, 84021, 84009]
[03239, 03211, 03222, 03111, 03031, 03011, 02111, 80151, 80161, 80211, 80251, 81169, 81159, 81149, 81139, 81129, 81119, 81109, 70251, 70261, 70271, 70281, 70291, 70301, 62011, 62021, 62031, 62041, 62051, 62149, 66351, 66371, 63361, 63181, 63191, 63201, 63211, 64101, 64111, 64121, 67079, 67069, 67059, 67049, 67039, 67029, 67019, 55109, 55089, 55079, 55059, 55049, 55221, 55231, 55319, 55309, 55189, 55509]
[03239, 03211, 03223, 03151, 03021, 03011, 02111, 04111, 04121, 08041, 08031, 08111, 08121, E0902, E0901, 09011, 09023, 09212, 40171, 40181, 40041, 40051, 40111, 40071, 40081, 40231, PIE, BKE, E4502, 44369, 44359, 44389, 44379, 44221, 44239, 44249, 44259]
LOOP
LOOP
[75009, 75129, 75261, 75271, 75281, 75291, 75311, 74049, 74039, 74029, 74019, 73039, 73029, 64199, 64189, 64179, 64169, 64159, 64149, 64139, 64229, 64219, 64209, 63241, 63061, 64011, 64541, 64551, 64529, 64339, 64411, 64479, 64489, 64499, 64111, 66479, 66459, 54659, 54509, 54499, 54489, 54479, 54359, 55321, 55509]
LOOP
[11379, 11381, 11181, 11369, 18149, 18119, 19089, 19091, 19021, 19031, 19041, 17101, 17111, 12061, 12071, 12081, 12091, 12101, 42141, 42059, 42049, 42039, 42029, 42019, 41089, 41079, 41069, 41049, 41121, 41131, 41141, 41151, 40251, 40261, 51111, 51071, 53011, 53121, 53131, 53141, 53151, 53161, 54011, 54241, 54261, 54271, 54281, 54291, 54301, 66341, 66331, 66101, 63311, 63391, 63381, 63371, 64341, 64351, 64361, 64031, 64079, 64059, 64049, 64009]
[11379, 11381, 11181, 11369, 18119, 19091, 19021, 19031, 19041, 17101, 17111, 12061, 12071, 12081, 12091, 12101, 42141, 42059, 41121, 41151, 51071, 53011, 53121, 53131, 53141, 53151, 53161, 54011, 54241, 54261, 54271, 54281, 54291, 54301, 66331, 66101, 63311, 63391, 63381, 63371, 64341, 64351, 64361, 64031, 64079, 64059, 64049, 64009]
[02099, 02101, 02051, 02061, 02029, 03019, 03059, 03129, 03218, 05631, 05521, 06011, 06051, 06071, 06081, 06131, 13121, 13141, 13171, 13181, 09131, 09141, 13011, 13021, 11201, 11211, 11221, 11231, 11261, 11271, 11281, 11291, 12021, 12031, 12041, 12051, 12111, 12061, 12071, 12081, 12091, 12101, 42141, 42071, 42091, 42111, 43011, 43021, 43041, 43051, 43061, 43071, 43081, 43121, 43131, 44219, 44209, 44631, 44259]
LOOP
[82009, 82229, 82049, 82029, 82109, 81129, 81119, 81109, 70251, 70261, 70271, 70281, 70291, 70301, 62011, 62021, 62031, 62041, 62051, 63141, 63361, 63181, 63191, 63201, 63211, 66109, 66339, 66349, 54309, 54299, 54289, 54279, 54269, 54248, 54239, 54229, 54181, 54191, 54201, 55131, 55141, 55151, 55189, 55509]
LOOP
[02099, 02101, 02051, 02061, 04111, 04121, 08041, 08031, 08111, 08121, 09059, 09022, 09111, 09121, 09131, 09141, 13011, 13021, 11201, 11211, 11221, 11231, 11261, 11271, 11301, 11311, 11321, 11331, 11341, 42131, 42011, 42021, 42031, 42041, 42051, 42061, 42071, 42151, 42161, 42239, 42229, 42219, 42209, 42311, 43621, 43611, 43181, 43171, 43009]
LOOP
LOOP
LOOP
LOOP
[52009, 52509, 52329, 52081, 60081, 60211, 70101, 70111, 70121, 70131, 70279, 70269, 71161, 71151, 71141, 71131, 71091, 72021, 72061, 72071, 84499, 84489, 74081, 75251, 75241, 75231, 75221, 75051, 76071, 76081, 76091, 76101, 76229, 76219, 76209, 76199, 75009]
[14009, 14129, 14119, 14109, 14089, 14069, 05641, 05651, 05411, 05421, 05271, 05241, 05013, 05023, 04222, 04142, 01012, 01112, 01121, 01211, 01311, 80011, 80031, 80051, 80071, 80091, 81081, 81201, 81211, 81221, 81109, 70251, 70261, 70271, 70281, 70291, 70301, 62011, 62021, 62031, 62041, 62051, 63011, 63021, 63031, 63041, 63051, 63061, 64011, 64541, 64389, 64421, 64021, 65011, 65021, 67179, 67199, 67009]
LOOP
LOOP
LOOP
LOOP
LOOP
LOOP
LOOP
LOOP
LOOP
LOOP
LOOP
LOOP
LOOP
[59009, 59073, 59069, 59059, 59049, 59039, 59029, 59019, 55289, 56996, 68111, 68059, 68049, 68039, 67571, 67561, 67551, 67541, 67381, 67391, 67441, 67341, 67171, 67139, 67531, 67521, 65521, 65231, 65269, 65279, 65289, 65229, 65009]
[03222, 03111, 03071, 03031, E0302, 03011, 02111, 04111, 04121, 08041, 08031, E0801, CTE, SLE, E5608, E5904, 59421, 59431, 59711, 59581, 59471, 59461, 59639, 59579]
[10009, 10341, 10351, 10179, 10169, 10149, 06049, 06029, 05012, 05022, 04222, 04223, 04151, 01013, 01112, 07551, 07531, 40011, 40101, 50011, 50021, 50031, 50041, 50051, 51011, 51021, 51031, 51041, 51051, 51081, 53111, 53121, 53131, 53141, 53151, 53161, 54011, 54031, 54041, 54051, 55201, 55181, 55171, 55241, 55251, 55261, 55271, 59011, 59021, 59031, 59041, 59051, 59061, 59671, 59009]
[43009, 43179, 43189, 43199, 43209, 43639, 43019, 42119, 42109, 42089, 42059, 42049, 42039, 42029, 42019, 41089, 41079, 41069, 41049, 41121, 41131, 41141, 41151, 40251, 40261, 51111, 51071, 53011, 53121, 53131, 53141, 53151, 53161, 54011, 54031, 54041, 54051, 55201, 55181, 55171, 55241, 55251, 55261, 55271, 59011, 59021, 59031, 59041, 59051, 59061, 59671, 59009]
[80009, 80101, 60051, 60021, 60031, 60229, 60159, E6003, 60161, 60201, 60261, 61011, 61021, 61031, 61041, 62111, 62121, 62131, 66371, 66059, 66049, 66039, 66099, 54109, 54311, 54321, 54331, 54247, 54031, 54041, 54051, 55201, 55181, 55171, 55241, 55251, 55261, 55271, 59011, 59021, 59031, 59041, 59051, 59611, 59661, 59009]
[94009, 94069, 94059, 94049, 94089, 94039, 94029, 94019, 93131, 93049, 93039, 93201, 93029, 93019, 92089, 92079, 92069, 92059, 92049, 92241, E9209, 92161, 82071, 82081, 82091, 82109, 81069, 81049, 81029, 80089, 80069, 80049, 80101, 60051, 60021, 60031, 60229, 60159, E6003, 60161, 60201, 60261, 61011, 61021, 61031, 61041, 62111, 62121, 62131, 66371, 66059, 66049, 66039, 66099, 54109, 54311, 54321, 54331, 54247, 54031, 54041, 54051, 55201, 55181, 55171, 55241, 55251, 55261, 55271, 59011, 59021, 59031, 59041, 59051, 59611, 59661, 59009]
[84009, E8400, E8401, 84029, 84019, 83099, 83079, 83059, 83049, 83101, 83111, 72011, 71099, 71089, 71079, 71069, 71059, 62249, 62239, 63109, 63099, 63089, 63079, 63241, 63349, 63339, 63329, 63319, 64101, 64111, 64121, 67079, 67069, 67059, 67049, 67039, 67029, 67019, 55109, 55089, 55079, 55059, 55049, 55039, 55241, 55251, 55261, 55271, 59011, 59021, 59031, 59041, 59051, 59061, 59671, 59009]
LOOP
[14009, 14129, 14119, 14011, 14021, 14379, 14031, 10361, 10081, 10091, 10101, 10111, 10131, 11021, 11031, 11041, 11051, 11061, 11071, 11081, 11091, 11101, 11111, 41101, 41111, 41121, 41131, 41141, 41151, 40251, 40261, 51111, 51071, 53011, 53021, 53041, 53051, 53061, 53071, 53081, 53091, 56021, 56031, 56191, 56201, 55011, 55021, 55241, 55251, 55261, 55271, 59011, 59021, 59031, 59041, 59051, 59691, 59661, 59009]
[46009, 46549, 46539, 46529, 46519, 46509, 46069, 46088, 46111, 46121, 46131, 47011, 47021, 47031, 47041, 47051, 47061, 47071, 47081, 47091, 47101, 47111, 47801, 58141, 58161, 58139, 58129, 58119, 58159, 58109, 58029, 58019, 57139, 57129, 57119, 59119, 59149, 59159, 59009]
LOOP
LOOP
LOOP
LOOP
LOOP
LOOP
LOOP
[54009, 54247, 54031, 54041, 54051, 55201, 55181, 55171, 55031, 55041, 55051, 55071, 55081, 55101, 67011, 67021, 67081, 68011, 68021, 68031, 68051, 68111, 73052, 65069, 67231, 67221, 67131, 67141, 67179, 67199, 67009]
LOOP
LOOP
LOOP
[84009, 84301, 84369, 84451, 84481, 84701, 72031, 72041, 72051, 71089, 71079, 71069, 71059, 62249, 62239, 63109, 63099, 63089, 63079, 64201, 64231, 64241, 64541, 64389, 64421, 64021, 65011, 67219, 67209, 67199, 67009]
[52009, 52509, 52261, 52271, 52369, 52039, 53219, 53239, 53391, 53381, 53371, 53161, 54011, 54241, 54261, 54271, 54281, 54581, 54571, 54481, 54491, 54501, 54651, 66451, 66461, 66471, 66481, 66491, 64619, 64609, 64419, 64341, 64351, 64361, 64031, 64021, 65011, 65021, 65031, 65041, 65061, 65199, 77339, 77279, 77269, 77259, 77219, 77209, 77199, 77009]
LOOP
LOOP
LOOP
LOOP
[95051, 95041, 95039, 95049, 95069, 95149, 95139, 95099, 95089, 95079, 99189, 99049, 99039, 99029, 99019, 98079, 98069, 98059, 98239, 98049, 98039, 98101, 78141, 78131, 78121, 78111, 78101, 77179, 77031, 77021, 77011, 77241, 77231, 77281, 77331, 65191, 65069, 67251, 67241, 67181, 67191, 67201, 67211, 65019, 64029, 64429, 64381, 64009]
LOOP
LOOP
LOOP
LOOP
LOOP
LOOP
LOOP
LOOP
LOOP
LOOP
LOOP
LOOP
LOOP
LOOP
LOOP
LOOP
[44009, 44539, 44541, KJE, 44061, 45011, 45021, 45031, 45159, 45169, 45179, 49139, 49011, 49021, 49031, 49041, 49051, 49061, 49071, 45441, 49081, 49169, 49159, 49149, 49199, 49141, 49151, 49171, 49181, 49129, 49119, 49109, 45149, 45121, 45131, 46389, 46499, 46521, 46531, 46541, 46009]
LOOP
LOOP
LOOP
LOOP
[82009, 82061, 83101, 83111, 72011, 71099, 71089, 71079, 71029, 71179, 70281, 70291, 70301, 62061, 62071, 62081, 62091, 62101, 66089, 66079, 66069, 52069, 52059, 52039, 52029, 52019, 51139, 51079, 51119, 40269, 40259, 41159, 41149, 41139, 41129, 41119, 41109, 11119, 11109, 11099, 11089, 11079, 11069, 11059, 11049, 11039, 11029, 11519, 18019, 15059, 15049, 14189, 14179, 14169, 14159, 14139, 14009]
LOOP
LOOP
LOOP
LOOP
LOOP
LOOP
[03222, 03111, 03071, 03031, E0302, 03011, 02111, 04111, 04121, 08041, 08031, E0801, CTE, SLE, E4605, 46999, 46989, 46969, 46659, 46681, 46699, 46401, 46411, 46431, 46441]
LOOP
[02099, 02101, 02051, 02061, 04151, 01013, 01112, 07551, 07531, 40011, 40271, 40021, 40031, 40041, 40051, 40111, 40071, 40081, 40231, PIE, BKE, 44269, 44229, 44219, 44209, 44631, 44259, 44041, 44051, 44061, 45011, 45021, 45031, 45041, 45051, 45061, 45071, 45081, 45091, 45101, 45111, 45121, 45131, 46389, 46499, 46521, 46531, 46541, 46009]
[80009, 80101, 60051, 60019, 07369, 07379, 01339, 01329, 01239, 01529, 01519, 01629, 01619, E0402, E8000, E0401, 04168, 04249, 05029, 05131, 05039, 05019, 05069, 10011, 10041, 10051, 10061, 10071, 10501, 10081, 10091, 10101, 10111, 10131, 11021, 11031, 11041, 11051, 11061, 11071, 11081, 11091, 11101, 11111, 41101, 41111, 41031, 41041, 41051, 41061, 41071, 41081, 42011, 42021, 42031, 42041, 42051, 42061, 42071, 42091, 42111, 43011, 43021, 43041, 43051, 43061, 43071, 43081, 43091, 43111, 44011, 44021, 44041, 44051, 44061, 45011, 45021, 45031, 45041, 45051, 45061, 45071, 45081, 45091, 45101, 45111, 45121, 45131, 46389, 46499, 46521, 46531, 46541, 46009]
[80009, 80101, 60051, 60019, 07369, 07379, 01339, 01329, 01239, 01529, 01519, 01629, 01619, 02089, 02101, 02051, 02061, 04168, 04249, 05029, 05131, 05039, 05019, 05069, 10011, 10041, 10051, 10061, 10071, 10501, 10081, 10091, 10101, 10111, 10131, 11021, 11031, 11041, 11051, 11061, 11071, 11081, 11091, 11101, 11111, 41101, 41111, 41031, 41041, 41051, 41061, 41071, 41081, 42011, 42021, 42031, 42041, 42051, 42061, 42071, 42091, 42111, 43011, 43021, 43041, 43051, 43061, 43071, 43081, 43091, 43111, 44011, 44021, 44041, 44051, 44061, 45011, 45021, 45031, 45041, 45051, 45061, 45071, 45081, 45091, 45101, 45111, 45121, 45131, 46389, 46499, 46521, 46531, 46541, 46009]
LOOP
LOOP
LOOP
[14009, 14131, 14151, 14161, 14171, 15041, 15051, 18011, 18041, 18131, 18101, 18071, 16091, 17121, 17131, 17141, 17059, 20101, 28011, 28181, 28101, 42311, 43621, 43611, 43181, 43169, E4302, 43231, 43241, 43251, 43261, 43271, 43061, 43071, 43081, 43091, 43111, 44011, 44021, 44251, 44639, 44201, 44211, 44221, 44261, BKE, 46499, 46521, 46531, 46541, 46009]
[14009, E1401, 15041, 15051, 18131, 18101, 18071, 16091, E1702, PIE, 43611, 43181, 43169, E4302, 43261, E4305, E4300, 44251, 44639, 44201, 44211, 44221, 44261, BKE, 46499, 46521, 46531, 46541, 46009]
[14519, 14121, 14161, 15041, AYE, 17121, 17131, 17141, 17059, 20101, E2810, 43611, 43181, 43169, E4302, 43241, 43261, E4305, E4300, 44251, 44639, 44201, 44211, 44221, 44261, BKE, 46499, 46521, 46531, 46541, 46009]
LOOP
LOOP
LOOP
LOOP
[75009, E7509, E7603, E7604, E7507, 65191, SLE, 55281, 59011, 59021, 59031, 59041, 59051, 59061, 59079, 59141, 59111, 57111, 57121, E4609, 58309, 47619, 47609, 46779, 46769, 46399, 46289, 46009]
[75009, E7509, E7603, E7604, E7507, 65191, SLE, 55281, 59011, 59021, 59031, 59041, 59051, 59061, 59079]
[02099, 02101, 02051, 02061, 02151, 02161, 02171, 03509, 03519, 03539, 03529, 03129, 03217, 05649, 14061, 14071, 14081, 14101, 14141, 14121, 14131, 14151, 14161, 14171, 15041, 15051, 18011, 18041, 18131, 18101, 18071, 16091, 17121, 17131, 17141, 20011, 20021, 20031, 20051, 20271, 28221, 28231, 28241, 28439, 28009]
[03239, 03211, 03223, 03151, 03041, 05131, 05039, 05019, 06011, 06051, 06071, 06081, 06131, 13121, 13069, 13059, 10519, 10241, 10261, 10271, 10281, 10291, 11131, 11141, 11151, 11161, 11171, 11401, 11261, 11271, 11301, 11311, 11321, 11331, 11341, 42131, 42011, 42021, 42031, 42041, 42051, 42061, 42071, 42151, 42161, 42171, 42181, 42191, 43201, 43221, 43231, 43241, 43251, 43261, 43271, 43061, 43071, 43081, 43091, 43111, 44011, 44021, 44251, 44241, 44191, E4500, 44631]
[03223, 03151, 03021, E0302, 03011, 02111, 04111, 04121, 08041, 08031, 08111, 08121, 09059, E0911, E1300, 09213, E4022, 40231, PIE, BKE, E4408, 44321, 44331, 44341, 44779, 44699, 44709, 44619, 44669, 44659, 44649, 44739]
LOOP
LOOP
LOOP
LOOP
LOOP
LOOP
LOOP
[02099, 02101, 02051, 02061, 02151, 02161, 02171, 03509, 03519, 03539, 03529, 03129, 03217, 05649, 14061, 14141, 14121, 14161, 15041, 15051, 18041, 18131, 17121, 17131, 17141, 20011, 28241, 28439, 28009]
LOOP
[80009, 80029, 01339, 01329, 01239, 01529, 01519, 01631, 01112, 07551, 07531, 40011, 40101, 50011, 50021, 50031, 50041, 50051, 51011, 51021, 51031, 51041, 51051, 51071, 53011, 53021, 53041, 53051, 53061, 53071, 53081, 53091, 56021, 56031, 56041, 56051, 56061, 56071, 56081, 56091, 57011, 57021, 57031, 57041, 57051, 57061, 57071, 57081, 57111, 57121, 57131, 58011, 58021, 58399, 58299, 58259, 58319, 58429, 58119, 58159, 58009]
[47121, 47131, 47141, 47151, 47129, 47169, 47179, 47189, 47199, 47091, 47101, 47111, 47801, 58141, 58161, 58139, 58129, 58119, 58211, 58251, 58009]
[03539, 03529, 03129, 03217, E1411, AYE, E2203, 44161, 44151, 44131, 44271, 44281, 44291, 44111, 44449, 44459, 44469, 44491, 44501, 44621, 44551, 44581]
LOOP
[80009, 80101, 60051, 60191, 60121, 60141, 60161, 60181, 60089, 52089, E5207, 52079, 51099, PIE, 42089, 42071, 42151, 42161, 42171, 42181, 42191, 43201, 43221, 43449, 43439, 43429, 43419, 43469, 43479, 43489, 43499, 43839, 43649, 43521, 44161, 44151, 44131, 44271, 44281, 44291, 44391, 44009]
LOOP
LOOP
LOOP
[24009, 23079, 23069, 23059, 23049, 22471, 27529, 27519, 27509, 27149, 27539, 27139, 27279, 27369, 27359, 27349, 22349, 22419, 21379, 21399, 21421, 21431, 21441, 21459, 21719, 28539, 28409, 28529, 28519, 28509, 28499, 28469, 28459, 28289, 28089, 28079, 28069, 28059, 28049, 28039, 28029, 28019, 20109, 17189, 17009]
LOOP
[44539, E4406, KJE, E4402, E4479, 44799, 44651, 44691]
[10589, 10017, 05012, 05013, 10986, 81996, 72011, 72021, 72061, 72071, 84499, 84489, 84461, 84471, 84621, 84611, 84631, 84601, 84209, 84529, 84219]
LOOP
[10589, 10017, 05012, 05013, 10986, 54109, 54601, 54371, 54381, 54289, 54279, 54269, 54248, 54239, 54229, 54181, 54191, 54201, 55131, 55141, 55151]
LOOP
LOOP
LOOP
LOOP
LOOP
LOOP
LOOP
LOOP